 0 1 4 9 16 25 36 49 64 81

-------------------------
- Dynamic cycles : 1737
- Instruction count : 455
- Instruction cache misses : 15
- Branch mispredicts : 2
- Allocated bytes: 248

 0 2 4
 1 3 5
 2 4 6
 3 5 7

 0 1 2 3
 2 3 4 5
 4 5 6 7

 14 26 38
 26 54 82
 38 82 126

-------------------------
- Dynamic cycles : 7435
- Instruction count : 4771
- Instruction cache misses : 85
- Branch mispredicts : 102
- Allocated bytes: 732

 25733 48611 25733
 48611 25733 22878
 25733 22878 2855
 22878 2855 38
 2855 38 5
 38 5 3
 5 3 2
 3 2 1
 2 1 0
 1

 7485671 7480189 5482
 7480189 5482 2741
 5482 2741 0
 2741

-------------------------
- Dynamic cycles : 300
- Instruction count : 178
- Instruction cache misses : 12
- Branch mispredicts : 2
- Allocated bytes: 0

 5040

 144

 1 3
 1 2
 3 2
 1 3
 2 1
 2 3
 1 3

 7


-------------------------
- Dynamic cycles : 4540
- Instruction count : 4043
- Instruction cache misses : 35
- Branch mispredicts : 147
- Allocated bytes: 0

 2 3 5 7 11 13 17 19 23 29 31 37 41 43 47 53 59 61 67 71 73 79 83 89 97 101 103 107 109 113 127 131 137 139 149 151 157 163 167 173 179 181 191 193 197 199 211 223 227 229 233 239 241 251 257 263 269 271 277 281 283 293 307 311 313 317 331 337 347 349 353 359 367 373 379 383 389 397 401 409 419 421 431 433 439 443 449 457 461 463 467 479 487 491 499 503 509 521 523 541 547 557 563 569 571 577 587 593 599 601 607 613 617 619 631 641 643 647 653 659 661 673 677 683 691 701 709 719 727 733 739 743 751 757 761 769 773 787 797 809 811 821 823 827 829 839 853 857 859 863 877 881 883 887 907 911 919 929 937 941 947 953 967 971 977 983 991 997 1009 1013 1019 1021 1031 1033 1039 1049 1051 1061 1063 1069 1087 1091 1093 1097 1103 1109 1117 1123 1129 1151 1153 1163 1171 1181 1187 1193 1201 1213 1217 1223 1229 1231 1237 1249 1259 1277 1279 1283 1289 1291 1297 1301 1303 1307 1319 1321 1327 1361 1367 1373 1381 1399 1409 1423 1427 1429 1433 1439 1447 1451 1453 1459 1471 1481 1483 1487 1489 1493 1499 1511 1523 1531 1543 1549 1553 1559 1567 1571 1579 1583 1597 1601 1607 1609 1613 1619 1621 1627 1637 1657 1663 1667 1669 1693 1697 1699 1709 1721 1723 1733 1741 1747 1753 1759 1777 1783 1787 1789 1801 1811 1823 1831 1847 1861 1867 1871 1873 1877 1879 1889 1901 1907 1913 1931 1933 1949 1951 1973 1979 1987 1993 1997 1999 2003 2011 2017 2027 2029 2039 2053 2063 2069 2081 2083 2087 2089 2099 2111 2113 2129 2131 2137 2141 2143 2153 2161 2179 2203 2207 2213 2221 2237 2239 2243 2251 2267 2269 2273 2281 2287 2293 2297 2309 2311 2333 2339 2341 2347 2351 2357 2371 2377 2381 2383 2389 2393 2399 2411 2417 2423 2437 2441 2447 2459 2467 2473 2477 2503 2521 2531 2539 2543 2549 2551 2557 2579 2591 2593 2609 2617 2621 2633 2647 2657 2659 2663 2671 2677 2683 2687 2689 2693 2699 2707 2711 2713 2719 2729 2731 2741

-------------------------
- Dynamic cycles : 486758
- Instruction count : 398000
- Instruction cache misses : 27
- Branch mispredicts : 10636
- Allocated bytes: 4808

 2
 1 2
 5 2
 4 3
 7

-------------------------
- Dynamic cycles : 3533
- Instruction count : 464
- Instruction cache misses : 56
- Branch mispredicts : 8
- Allocated bytes: 304

 9
 21 9

-------------------------
- Dynamic cycles : 227
- Instruction count : 106
- Instruction cache misses : 12
- Branch mispredicts : 1
- Allocated bytes: 0

 1 2
 3 4
 5 6
 7 8
 9 0
 987654321

-------------------------
- Dynamic cycles : 2950
- Instruction count : 394
- Instruction cache misses : 67
- Branch mispredicts : 2
- Allocated bytes: 308

 2 3 5 7 11 13 17 19 23 29 31 37 41 43 47 53 59 61 67 71 73 79 83 89 97 101 103 107 109 113 127 131 137 139 149 151 157 163 167 173 179 181 191 193 197 199 211 223 227 229 233 239 241 251 257 263 269 271 277 281 283 293 307 311 313 317 331 337 347 349 353 359 367 373 379 383 389 397 401 409 419 421 431 433 439 443 449 457 461 463 467 479 487 491 499 503 509 521 523 541 547 557 563 569 571 577 587 593 599 601 607 613 617 619 631 641 643 647 653 659 661 673 677 683 691 701 709 719 727 733 739 743 751 757 761 769 773 787 797 809 811 821 823 827 829 839 853 857 859 863 877 881 883 887 907 911 919 929 937 941 947 953 967 971 977 983 991 997

-------------------------
- Dynamic cycles : 129552
- Instruction count : 88493
- Instruction cache misses : 26
- Branch mispredicts : 2295
- Allocated bytes: 27656

 55

-------------------------
- Dynamic cycles : 620
- Instruction count : 388
- Instruction cache misses : 14
- Branch mispredicts : 2
- Allocated bytes: 120

 371293

-------------------------
- Dynamic cycles : 41492118
- Instruction count : 36634258
- Instruction cache misses : 11
- Branch mispredicts : 4857750
- Allocated bytes: 0

OutOfMemoryError

-------------------------
- Dynamic cycles : 21103881
- Instruction count : 13242456
- Instruction cache misses : 450824
- Branch mispredicts : 67055
- Allocated bytes: 1048572

 0

-------------------------
- Dynamic cycles : 8050
- Instruction count : 8009
- Instruction cache misses : 4
- Branch mispredicts : 1
- Allocated bytes: 0

 1 0
 2 0
 3 0
 4 0
 5 0
 6 0
 7 0

-------------------------
- Dynamic cycles : 534
- Instruction count : 144
- Instruction cache misses : 39
- Branch mispredicts : 0
- Allocated bytes: 0

 42
 23
 7

-------------------------
- Dynamic cycles : 718
- Instruction count : 84
- Instruction cache misses : 19
- Branch mispredicts : 0
- Allocated bytes: 64

 9 8 7 6 5 4 3 2 1 0
 0 1 2 3 4 5 6 7 8 9

-------------------------
- Dynamic cycles : 4976
- Instruction count : 3337
- Instruction cache misses : 34
- Branch mispredicts : 49
- Allocated bytes: 488

 131 261 391 521 651 781 911 1041 1171 1301 1431 1561 1691 1821 1951 2081 2211 2341 2471 2601 2731 2861 2991 3121 3251 3381 3511 3641 3771 3901 4031 4161 4291 4421 4551 4681 4811 4941 5071 5201 5331 5461 5591 5721 5851 5981 6111 6241 6371 6501 6631 6761 6891 7021 7151 7281 7411 7541 7671 7801 7931 8061 8191 8321 8451 8581 8711 8841 8971 9101 9231 9361 9491 9621 9751 9881 10011 10141 10271 10401 10531 10661 10791 10921 11051 11181 11311 11441 11571 11701 11831 11961 12091 12221 12351 12481 12611 12741 12871 13001 13131 13261 13391 13521 13651 13781 13911 14041 14171 14301 14431 14561 14691 14821 14951 15081 15211 15341 15471 15601 15731 15861 15991 16121 16251 16381 16511 16641 16771 16901 17031 17161 17291 17421 17551 17681 17811 17941 18071 18201 18331 18461 18591 18721 18851 18981 19111 19241 19371 19501 19631 19761 19891 20021 20151 20281 20411 20541 20671 20801 20931 21061 21191 21321 21451 21581 21711 21841 21971 22101 22231 22361 22491 22621 22751 22881 23011 23141 23271 23401 23531 23661 23791 23921 24051 24181 24311 24441 24571 24701 24831 24961 25091 25221 25351 25481 25611 25741 25871 26001 26131 26261 26391 26521 26651 26781 26911 27041 27171 27301 27431 27561 27691 27821 27951 28081 28211 28341 28471 28601 28731 28861 28991 29121 29251 29381 29511 29641 29771 29901 30031 30161 30291 30421 30551 30681 30811 30941 31071 31201 31331 31461 31591 31721 31851 31981 32111 32241 32371 32501 32631 32761 32891 33021 33151 33281 33411 33541 33671 33801 33931 34061 34191 34321 34451 34581 34711 34841 34971 35101 35231 35361 35491 35621 35751 35881 36011 36141 36271 36401 36531 36661 36791 36921 37051 37181 37311 37441 37571 37701 37831 37961 38091 38221 38351 38481 38611 38741 38871 39001 39131 39261 39391

-------------------------
- Dynamic cycles : 57325
- Instruction count : 16374
- Instruction cache misses : 4095
- Branch mispredicts : 1
- Allocated bytes: 0

Program: points
Program: mmm
Program: gcd
Program: hanoifibfac
Program: prime
Program: rational
Program: cproptest
Program: struct
Program: sieve
Program: link
Program: loop
Program: richards
Program: test
Program: vnumtest
Program: class
Program: sort
Program: regslarge
